## ./wat444.mdmntr -- monitor variables output from MD calculation by modylas
#
# datas below are formated as:
# step      time                Hamiltonian         potential-E         kinetic-E           total energy        temperature        
#                        [sec]            [J/cell]            [J/cell]            [J/cell]            [J/cell]                 [K] 
#
         1  2.000000000000E-15 -2.490283196300E-14 -2.839696846518E-14  3.494136502178E-15 -2.490283196300E-14  2.024764321411E+02
         2  4.000000000000E-15 -2.490455929753E-14 -2.851562515528E-14  3.611065857754E-15 -2.490455929753E-14  2.092521945405E+02
         3  6.000000000000E-15 -2.490687511149E-14 -2.868364852039E-14  3.776773408897E-15 -2.490687511149E-14  2.188545308297E+02
         4  8.000000000000E-15 -2.490911885631E-14 -2.886629958895E-14  3.957180732640E-15 -2.490911885631E-14  2.293086820115E+02
         5  1.000000000000E-14 -2.491068463539E-14 -2.902996664035E-14  4.119282004954E-15 -2.491068463539E-14  2.387020435025E+02
         6  1.200000000000E-14 -2.491123999051E-14 -2.915108119235E-14  4.239841201842E-15 -2.491123999051E-14  2.456881460867E+02
         7  1.400000000000E-14 -2.491080440666E-14 -2.922100018931E-14  4.310195782656E-15 -2.491080440666E-14  2.497650172963E+02
         8  1.600000000000E-14 -2.490971307507E-14 -2.924560942472E-14  4.335896349653E-15 -2.490971307507E-14  2.512543005874E+02
         9  1.800000000000E-14 -2.490843243960E-14 -2.924045757429E-14  4.332025134689E-15 -2.490843243960E-14  2.510299734057E+02
        10  2.000000000000E-14 -2.490738230374E-14 -2.922389262759E-14  4.316510323852E-15 -2.490738230374E-14  2.501309290949E+02
        11  2.200000000000E-14 -2.490681769421E-14 -2.921083025063E-14  4.304012556418E-15 -2.490681769421E-14  2.494067148696E+02
        12  2.400000000000E-14 -2.490677961357E-14 -2.920899845449E-14  4.302218840918E-15 -2.490677961357E-14  2.493027735627E+02
        13  2.600000000000E-14 -2.490712506386E-14 -2.921835324624E-14  4.311228182385E-15 -2.490712506386E-14  2.498248422669E+02
        14  2.800000000000E-14 -2.490760897888E-14 -2.923323773483E-14  4.325628755952E-15 -2.490760897888E-14  2.506593193272E+02
        15  3.000000000000E-14 -2.490798428204E-14 -2.924607368673E-14  4.338089404684E-15 -2.490798428204E-14  2.513813826169E+02
        16  3.200000000000E-14 -2.490809594506E-14 -2.925104977662E-14  4.342953831561E-15 -2.490809594506E-14  2.516632639338E+02
        17  3.400000000000E-14 -2.490791720795E-14 -2.924643681869E-14  4.338519610744E-15 -2.490791720795E-14  2.514063119773E+02
        18  3.600000000000E-14 -2.490755320763E-14 -2.923488500394E-14  4.327331796309E-15 -2.490755320763E-14  2.507580062374E+02
        19  3.800000000000E-14 -2.490717665728E-14 -2.922183264925E-14  4.314655991969E-15 -2.490717665728E-14  2.500234752208E+02
        20  4.000000000000E-14 -2.490694550322E-14 -2.921293294341E-14  4.305987440191E-15 -2.490694550322E-14  2.495211544228E+02
        21  4.200000000000E-14 -2.490693806596E-14 -2.921167549231E-14  4.304737426350E-15 -2.490693806596E-14  2.494487192611E+02
        22  4.400000000000E-14 -2.490714174742E-14 -2.921817749569E-14  4.311035748268E-15 -2.490714174742E-14  2.498136911933E+02
        23  4.600000000000E-14 -2.490744768869E-14 -2.922947318827E-14  4.322025499579E-15 -2.490744768869E-14  2.504505196727E+02
        24  4.800000000000E-14 -2.490771984018E-14 -2.924108739909E-14  4.333367558918E-15 -2.490771984018E-14  2.511077635172E+02
        25  5.000000000000E-14 -2.490785013110E-14 -2.924904521878E-14  4.341195087681E-15 -2.490785013110E-14  2.515613491443E+02
        26  5.200000000000E-14 -2.490780609150E-14 -2.925145540173E-14  4.343649310238E-15 -2.490780609150E-14  2.517035651759E+02
        27  5.400000000000E-14 -2.490762582380E-14 -2.924902368146E-14  4.341397857658E-15 -2.490762582380E-14  2.515730991551E+02
        28  5.600000000000E-14 -2.490740958731E-14 -2.924443545994E-14  4.337025872634E-15 -2.490740958731E-14  2.513197536065E+02
        29  5.800000000000E-14 -2.490725931146E-14 -2.924092813227E-14  4.333668820806E-15 -2.490725931146E-14  2.511252208868E+02
        30  6.000000000000E-14 -2.490723684331E-14 -2.924077508856E-14  4.333538245251E-15 -2.490723684331E-14  2.511176543614E+02
        31  6.200000000000E-14 -2.490734163452E-14 -2.924432603452E-14  4.336984399998E-15 -2.490734163452E-14  2.513173503714E+02
        32  6.400000000000E-14 -2.490752096647E-14 -2.924998346066E-14  4.342462494193E-15 -2.490752096647E-14  2.516347921677E+02
        33  6.600000000000E-14 -2.490768488987E-14 -2.925503808116E-14  4.347353191296E-15 -2.490768488987E-14  2.519181957781E+02
        34  6.800000000000E-14 -2.490775670845E-14 -2.925698906148E-14  4.349232353030E-15 -2.490775670845E-14  2.520270884797E+02
        35  7.000000000000E-14 -2.490769809708E-14 -2.925472251934E-14  4.347024422261E-15 -2.490769809708E-14  2.518991444385E+02
        36  7.200000000000E-14 -2.490752878635E-14 -2.924907500869E-14  4.341546222334E-15 -2.490752878635E-14  2.515816965153E+02
        37  7.400000000000E-14 -2.490731589800E-14 -2.924253517137E-14  4.335219273360E-15 -2.490731589800E-14  2.512150657172E+02
        38  7.600000000000E-14 -2.490714440510E-14 -2.923823898406E-14  4.331094578958E-15 -2.490714440510E-14  2.509760500389E+02
        39  7.800000000000E-14 -2.490708205773E-14 -2.923870945613E-14  4.331627398403E-15 -2.490708205773E-14  2.510069255871E+02
        40  8.000000000000E-14 -2.490714434934E-14 -2.924486984783E-14  4.337725498492E-15 -2.490714434934E-14  2.513602951673E+02
        41  8.200000000000E-14 -2.490730363505E-14 -2.925575144643E-14  4.348447811385E-15 -2.490730363505E-14  2.519816262623E+02
        42  8.400000000000E-14 -2.490749592063E-14 -2.926893030631E-14  4.361434385680E-15 -2.490749592063E-14  2.527341656171E+02
        43  8.600000000000E-14 -2.490764790919E-14 -2.928149376472E-14  4.373845855533E-15 -2.490764790919E-14  2.534533791143E+02
        44  8.800000000000E-14 -2.490771356953E-14 -2.929111818688E-14  4.383404617344E-15 -2.490771356953E-14  2.540072853472E+02
        45  9.000000000000E-14 -2.490767880189E-14 -2.929680266467E-14  4.389123862775E-15 -2.490767880189E-14  2.543387012517E+02
        46  9.200000000000E-14 -2.490757329473E-14 -2.929904416054E-14  4.391470865807E-15 -2.490757329473E-14  2.544747041812E+02
        47  9.400000000000E-14 -2.490744897978E-14 -2.929940708645E-14  4.391958106666E-15 -2.490744897978E-14  2.545029385649E+02
        48  9.600000000000E-14 -2.490736006407E-14 -2.929974739603E-14  4.392387331955E-15 -2.490736006407E-14  2.545278110921E+02
        49  9.800000000000E-14 -2.490733495452E-14 -2.930142472289E-14  4.394089768370E-15 -2.490733495452E-14  2.546264630054E+02
        50  1.000000000000E-13 -2.490737527904E-14 -2.930483873735E-14  4.397463458309E-15 -2.490737527904E-14  2.548219598618E+02
        51  1.020000000000E-13 -2.490745513906E-14 -2.930940924305E-14  4.401954103990E-15 -2.490745513906E-14  2.550821814973E+02
        52  1.040000000000E-13 -2.490753348727E-14 -2.931397344377E-14  4.406439956503E-15 -2.490753348727E-14  2.553421253808E+02
        53  1.060000000000E-13 -2.490757440143E-14 -2.931739892068E-14  4.409824519250E-15 -2.490757440143E-14  2.555382522891E+02
        54  1.080000000000E-13 -2.490756063505E-14 -2.931912055822E-14  4.411559923165E-15 -2.490756063505E-14  2.556388145863E+02
        55  1.100000000000E-13 -2.490750371250E-14 -2.931937209594E-14  4.411868383435E-15 -2.490750371250E-14  2.556566890840E+02
        56  1.120000000000E-13 -2.490743474542E-14 -2.931902043073E-14  4.411585685313E-15 -2.490743474542E-14  2.556403074380E+02
        57  1.140000000000E-13 -2.490738515268E-14 -2.931912657540E-14  4.411741422717E-15 -2.490738515268E-14  2.556493320293E+02
        58  1.160000000000E-13 -2.490737276228E-14 -2.932047713097E-14  4.413104368685E-15 -2.490737276228E-14  2.557283113241E+02
        59  1.180000000000E-13 -2.490739794440E-14 -2.932329164396E-14  4.415893699559E-15 -2.490739794440E-14  2.558899460407E+02
        60  1.200000000000E-13 -2.490744490413E-14 -2.932719670884E-14  4.419751804704E-15 -2.490744490413E-14  2.561135135414E+02
        61  1.220000000000E-13 -2.490749007399E-14 -2.933145389575E-14  4.423963821760E-15 -2.490749007399E-14  2.563575893481E+02
        62  1.240000000000E-13 -2.490751470793E-14 -2.933532358676E-14  4.427808878832E-15 -2.490751470793E-14  2.565804007456E+02
        63  1.260000000000E-13 -2.490751110383E-14 -2.933838230397E-14  4.430871200140E-15 -2.490751110383E-14  2.567578545721E+02
        64  1.280000000000E-13 -2.490748401975E-14 -2.934065477275E-14  4.433170753001E-15 -2.490748401975E-14  2.568911078833E+02
        65  1.300000000000E-13 -2.490745266706E-14 -2.934252827031E-14  4.435075603248E-15 -2.490745266706E-14  2.570014891697E+02
        66  1.320000000000E-13 -2.490743024719E-14 -2.934449058731E-14  4.437060340128E-15 -2.490743024719E-14  2.571164996857E+02
        67  1.340000000000E-13 -2.490743212142E-14 -2.934686116455E-14  4.439429043128E-15 -2.490743212142E-14  2.572537600738E+02
        68  1.360000000000E-13 -2.490746215115E-14 -2.934959136747E-14  4.442129216317E-15 -2.490746215115E-14  2.574102283266E+02
        69  1.380000000000E-13 -2.490750223917E-14 -2.935225531660E-14  4.444753077422E-15 -2.490750223917E-14  2.575622744858E+02
        70  1.400000000000E-13 -2.490753063119E-14 -2.935426900131E-14  4.446738370113E-15 -2.490753063119E-14  2.576773172097E+02
        71  1.420000000000E-13 -2.490753224705E-14 -2.935519921084E-14  4.447666963787E-15 -2.490753224705E-14  2.577311268802E+02
        72  1.440000000000E-13 -2.490750231276E-14 -2.935500608057E-14  4.447503767812E-15 -2.490750231276E-14  2.577216700834E+02
        73  1.460000000000E-13 -2.490745449031E-14 -2.935411165606E-14  4.446657165749E-15 -2.490745449031E-14  2.576726116208E+02
        74  1.480000000000E-13 -2.490740768088E-14 -2.935323767520E-14  4.445829994314E-15 -2.490740768088E-14  2.576246791142E+02
        75  1.500000000000E-13 -2.490738225578E-14 -2.935310954582E-14  4.445727290038E-15 -2.490738225578E-14  2.576187276594E+02
        76  1.520000000000E-13 -2.490738691130E-14 -2.935414523346E-14  4.446758322158E-15 -2.490738691130E-14  2.576784733805E+02
        77  1.540000000000E-13 -2.490741872737E-14 -2.935629102247E-14  4.448872295100E-15 -2.490741872737E-14  2.578009728017E+02
        78  1.560000000000E-13 -2.490746487680E-14 -2.935906192267E-14  4.451597045871E-15 -2.490746487680E-14  2.579588652636E+02
        79  1.580000000000E-13 -2.490750301790E-14 -2.936176284168E-14  4.454259823780E-15 -2.490750301790E-14  2.581131665539E+02
        80  1.600000000000E-13 -2.490751662838E-14 -2.936380407561E-14  4.456287447232E-15 -2.490751662838E-14  2.582306622390E+02
        81  1.620000000000E-13 -2.490750320705E-14 -2.936494768454E-14  4.457444477491E-15 -2.490750320705E-14  2.582977092358E+02
        82  1.640000000000E-13 -2.490746994097E-14 -2.936537336847E-14  4.457903427504E-15 -2.490746994097E-14  2.583243042360E+02
        83  1.660000000000E-13 -2.490743339005E-14 -2.936556001079E-14  4.458126620737E-15 -2.490743339005E-14  2.583372377232E+02
        84  1.680000000000E-13 -2.490741061615E-14 -2.936603836461E-14  4.458627748455E-15 -2.490741061615E-14  2.583662768154E+02
        85  1.700000000000E-13 -2.490740850290E-14 -2.936714413385E-14  4.459735630948E-15 -2.490740850290E-14  2.584304758226E+02
        86  1.720000000000E-13 -2.490742496764E-14 -2.936889255457E-14  4.461467586927E-15 -2.490742496764E-14  2.585308383205E+02
        87  1.740000000000E-13 -2.490745317054E-14 -2.937099931966E-14  4.463546149124E-15 -2.490745317054E-14  2.586512857779E+02
        88  1.760000000000E-13 -2.490748236032E-14 -2.937300464368E-14  4.465522283362E-15 -2.490748236032E-14  2.587657977925E+02
        89  1.780000000000E-13 -2.490749924638E-14 -2.937444858254E-14  4.466949336161E-15 -2.490749924638E-14  2.588484919171E+02
        90  1.800000000000E-13 -2.490749816404E-14 -2.937505511126E-14  4.467556947224E-15 -2.490749816404E-14  2.588837014517E+02
        91  1.820000000000E-13 -2.490747838354E-14 -2.937484288359E-14  4.467364500053E-15 -2.490747838354E-14  2.588725496216E+02
        92  1.840000000000E-13 -2.490744840164E-14 -2.937412697694E-14  4.466678575302E-15 -2.490744840164E-14  2.588328020055E+02
        93  1.860000000000E-13 -2.490742006877E-14 -2.937338677134E-14  4.465966702562E-15 -2.490742006877E-14  2.587915507687E+02
        94  1.880000000000E-13 -2.490740301228E-14 -2.937306862665E-14  4.465665614370E-15 -2.490740301228E-14  2.587741034643E+02
        95  1.900000000000E-13 -2.490740243118E-14 -2.937342147045E-14  4.466019039265E-15 -2.490740243118E-14  2.587945835491E+02
        96  1.920000000000E-13 -2.490741625612E-14 -2.937442940733E-14  4.467013151210E-15 -2.490741625612E-14  2.588521898388E+02
        97  1.940000000000E-13 -2.490743939287E-14 -2.937584993504E-14  4.468410542167E-15 -2.490743939287E-14  2.589331651342E+02
        98  1.960000000000E-13 -2.490746558725E-14 -2.937730631600E-14  4.469840728748E-15 -2.490746558725E-14  2.590160408536E+02
        99  1.980000000000E-13 -2.490748167572E-14 -2.937840044960E-14  4.470918773888E-15 -2.490748167572E-14  2.590785108611E+02
       100  2.000000000000E-13 -2.490748398140E-14 -2.937886641133E-14  4.471382429925E-15 -2.490748398140E-14  2.591053785636E+02
