## ./wat222.mdmntr -- monitor variables output from MD calculation by modylas
#
# datas below are formated as:
# step      time                Hamiltonian         potential-E         kinetic-E           total energy        temperature        
#                        [sec]            [J/cell]            [J/cell]            [J/cell]            [J/cell]                 [K] 
#
         1  2.000000000000E-15 -3.112810611463E-15 -3.549854798379E-15  4.370441869163E-16 -3.112810611463E-15  2.026066033311E+02
         2  4.000000000000E-15 -3.113028512247E-15 -3.564820617770E-15  4.517921055223E-16 -3.113028512247E-15  2.094434994263E+02
         3  6.000000000000E-15 -3.113318631541E-15 -3.585822301203E-15  4.725036696618E-16 -3.113318631541E-15  2.190450449579E+02
         4  8.000000000000E-15 -3.113595725618E-15 -3.608515396792E-15  4.949196711736E-16 -3.113595725618E-15  2.294367400371E+02
         5  1.000000000000E-14 -3.113787250763E-15 -3.628737543864E-15  5.149502931015E-16 -3.113787250763E-15  2.387226117931E+02
         6  1.200000000000E-14 -3.113852926313E-15 -3.643598663890E-15  5.297457375771E-16 -3.113852926313E-15  2.455815401114E+02
         7  1.400000000000E-14 -3.113796470638E-15 -3.652070909750E-15  5.382744391126E-16 -3.113796470638E-15  2.495353079469E+02
         8  1.600000000000E-14 -3.113659717184E-15 -3.654926745704E-15  5.412670285199E-16 -3.113659717184E-15  2.509226239052E+02
         9  1.800000000000E-14 -3.113498182487E-15 -3.654133185483E-15  5.406350029964E-16 -3.113498182487E-15  2.506296271136E+02
        10  2.000000000000E-14 -3.113365641683E-15 -3.652008569331E-15  5.386429276484E-16 -3.113365641683E-15  2.497061332613E+02
        11  2.200000000000E-14 -3.113293255252E-15 -3.650440759282E-15  5.371475040307E-16 -3.113293255252E-15  2.490128791035E+02
        12  2.400000000000E-14 -3.113289015279E-15 -3.650418365328E-15  5.371293500491E-16 -3.113289015279E-15  2.490044632117E+02
        13  2.600000000000E-14 -3.113335412531E-15 -3.651936947207E-15  5.386015346756E-16 -3.113335412531E-15  2.496869441498E+02
        14  2.800000000000E-14 -3.113401820559E-15 -3.654253046989E-15  5.408512264295E-16 -3.113401820559E-15  2.507298647936E+02
        15  3.000000000000E-14 -3.113455911569E-15 -3.656340413796E-15  5.428845022273E-16 -3.113455911569E-15  2.516724585069E+02
        16  3.200000000000E-14 -3.113475560084E-15 -3.657372160286E-15  5.438966002019E-16 -3.113475560084E-15  2.521416507282E+02
        17  3.400000000000E-14 -3.113456472046E-15 -3.657046169241E-15  5.435896971947E-16 -3.113456472046E-15  2.519993754671E+02
        18  3.600000000000E-14 -3.113412215298E-15 -3.655642448910E-15  5.422302336119E-16 -3.113412215298E-15  2.513691501784E+02
        19  3.800000000000E-14 -3.113363886022E-15 -3.653825437570E-15  5.404615515480E-16 -3.113363886022E-15  2.505492178327E+02
        20  4.000000000000E-14 -3.113331795531E-15 -3.652323839254E-15  5.389920437226E-16 -3.113331795531E-15  2.498679778163E+02
        21  4.200000000000E-14 -3.113324534299E-15 -3.651632333501E-15  5.383077992021E-16 -3.113324534299E-15  2.495507731439E+02
        22  4.400000000000E-14 -3.113342468892E-15 -3.651861525624E-15  5.385190567324E-16 -3.113342468892E-15  2.496487087117E+02
        23  4.600000000000E-14 -3.113374085929E-15 -3.652752551689E-15  5.393784657597E-16 -3.113374085929E-15  2.500471168112E+02
        24  4.800000000000E-14 -3.113404656302E-15 -3.653842312437E-15  5.404376561347E-16 -3.113404656302E-15  2.505381403063E+02
        25  5.000000000000E-14 -3.113421757147E-15 -3.654682386333E-15  5.412606291860E-16 -3.113421757147E-15  2.509196572777E+02
        26  5.200000000000E-14 -3.113420701497E-15 -3.655021660307E-15  5.416009588094E-16 -3.113420701497E-15  2.510774285765E+02
        27  5.400000000000E-14 -3.113404707741E-15 -3.654880122691E-15  5.414754149500E-16 -3.113404707741E-15  2.510192284775E+02
        28  5.600000000000E-14 -3.113384387370E-15 -3.654500005662E-15  5.411156182923E-16 -3.113384387370E-15  2.508524325771E+02
        29  5.800000000000E-14 -3.113368987869E-15 -3.654201398320E-15  5.408324104518E-16 -3.113368987869E-15  2.507211420112E+02
        30  6.000000000000E-14 -3.113364660167E-15 -3.654228150175E-15  5.408634900079E-16 -3.113364660167E-15  2.507355499898E+02
        31  6.200000000000E-14 -3.113373439870E-15 -3.654647472534E-15  5.412740326637E-16 -3.113373439870E-15  2.509258709128E+02
        32  6.400000000000E-14 -3.113389346730E-15 -3.655334973690E-15  5.419456269598E-16 -3.113389346730E-15  2.512372111461E+02
        33  6.600000000000E-14 -3.113405003255E-15 -3.656051483605E-15  5.426464803495E-16 -3.113405003255E-15  2.515621154212E+02
        34  6.800000000000E-14 -3.113413679613E-15 -3.656558484560E-15  5.431448049471E-16 -3.113413679613E-15  2.517931306300E+02
        35  7.000000000000E-14 -3.113410908969E-15 -3.656724506243E-15  5.433135972739E-16 -3.113410908969E-15  2.518713800176E+02
        36  7.200000000000E-14 -3.113398640251E-15 -3.656582057049E-15  5.431834167983E-16 -3.113398640251E-15  2.518110304585E+02
        37  7.400000000000E-14 -3.113381676571E-15 -3.656307136365E-15  5.429254597934E-16 -3.113381676571E-15  2.516914457709E+02
        38  7.600000000000E-14 -3.113367052397E-15 -3.656144060077E-15  5.427770076797E-16 -3.113367052397E-15  2.516226257765E+02
        39  7.800000000000E-14 -3.113359349604E-15 -3.656304720144E-15  5.429453705403E-16 -3.113359349604E-15  2.517006760705E+02
        40  8.000000000000E-14 -3.113361623586E-15 -3.656892646436E-15  5.435310228498E-16 -3.113361623586E-15  2.519721749915E+02
        41  8.200000000000E-14 -3.113371354656E-15 -3.657866733668E-15  5.444953790119E-16 -3.113371354656E-15  2.524192348821E+02
        42  8.400000000000E-14 -3.113385750608E-15 -3.659065032740E-15  5.456792821314E-16 -3.113385750608E-15  2.529680731847E+02
        43  8.600000000000E-14 -3.113399662992E-15 -3.660262171336E-15  5.468625083446E-16 -3.113399662992E-15  2.535165976846E+02
        44  8.800000000000E-14 -3.113407367230E-15 -3.661251100305E-15  5.478437330742E-16 -3.113407367230E-15  2.539714775698E+02
        45  9.000000000000E-14 -3.113405867377E-15 -3.661920413791E-15  5.485145464144E-16 -3.113405867377E-15  2.542824557646E+02
        46  9.200000000000E-14 -3.113395072532E-15 -3.662291199605E-15  5.488961270721E-16 -3.113395072532E-15  2.544593503745E+02
        47  9.400000000000E-14 -3.113384229312E-15 -3.662499777149E-15  5.491155478372E-16 -3.113384229312E-15  2.545610702858E+02
        48  9.600000000000E-14 -3.113377272709E-15 -3.662709252654E-15  5.493319799446E-16 -3.113377272709E-15  2.546614047038E+02
        49  9.800000000000E-14 -3.113376398714E-15 -3.663033465260E-15  5.496570665455E-16 -3.113376398714E-15  2.548121095844E+02
        50  1.000000000000E-13 -3.113381489947E-15 -3.663494362006E-15  5.501128720594E-16 -3.113381489947E-15  2.550234136349E+02
        51  1.020000000000E-13 -3.113389511438E-15 -3.664028570188E-15  5.506390587504E-16 -3.113389511438E-15  2.552673452587E+02
        52  1.040000000000E-13 -3.113396533281E-15 -3.664528186296E-15  5.511316530152E-16 -3.113396533281E-15  2.554957039780E+02
        53  1.060000000000E-13 -3.113401087605E-15 -3.664890259453E-15  5.514891718485E-16 -3.113401087605E-15  2.556614439160E+02
        54  1.080000000000E-13 -3.113401519083E-15 -3.665053350049E-15  5.516518309662E-16 -3.113401519083E-15  2.557368500473E+02
        55  1.100000000000E-13 -3.113397035430E-15 -3.665025054739E-15  5.516280193092E-16 -3.113397035430E-15  2.557258113489E+02
        56  1.120000000000E-13 -3.113388542051E-15 -3.664888992772E-15  5.515004507212E-16 -3.113388542051E-15  2.556666726186E+02
        57  1.140000000000E-13 -3.113379618184E-15 -3.664781404381E-15  5.514017861975E-16 -3.113379618184E-15  2.556209333442E+02
        58  1.160000000000E-13 -3.113376318317E-15 -3.664837657843E-15  5.514613395257E-16 -3.113376318317E-15  2.556485413021E+02
        59  1.180000000000E-13 -3.113377125677E-15 -3.665123493621E-15  5.517463679445E-16 -3.113377125677E-15  2.557806758586E+02
        60  1.200000000000E-13 -3.113384034835E-15 -3.665615463772E-15  5.522314289371E-16 -3.113384034835E-15  2.560055422750E+02
        61  1.220000000000E-13 -3.113391875943E-15 -3.666206909404E-15  5.528150334619E-16 -3.113391875943E-15  2.562760918761E+02
        62  1.240000000000E-13 -3.113397743010E-15 -3.666769265919E-15  5.533715229090E-16 -3.113397743010E-15  2.565340713666E+02
        63  1.260000000000E-13 -3.113399110736E-15 -3.667204905779E-15  5.538057950432E-16 -3.113399110736E-15  2.567353928913E+02
        64  1.280000000000E-13 -3.113397001659E-15 -3.667483527428E-15  5.540865257694E-16 -3.113397001659E-15  2.568655351070E+02
        65  1.300000000000E-13 -3.113390550066E-15 -3.667643049679E-15  5.542524996129E-16 -3.113390550066E-15  2.569424778915E+02
        66  1.320000000000E-13 -3.113383409673E-15 -3.667775880422E-15  5.543924707494E-16 -3.113383409673E-15  2.570073662423E+02
        67  1.340000000000E-13 -3.113380493286E-15 -3.667981048694E-15  5.546005554080E-16 -3.113380493286E-15  2.571038309183E+02
        68  1.360000000000E-13 -3.113381608125E-15 -3.668304757956E-15  5.549231498310E-16 -3.113381608125E-15  2.572533804656E+02
        69  1.380000000000E-13 -3.113388319739E-15 -3.668716212059E-15  5.553278923201E-16 -3.113388319739E-15  2.574410125253E+02
        70  1.400000000000E-13 -3.113396055497E-15 -3.669114354717E-15  5.557182992204E-16 -3.113396055497E-15  2.576219988382E+02
        71  1.420000000000E-13 -3.113399164148E-15 -3.669387807422E-15  5.559886432740E-16 -3.113399164148E-15  2.577473259609E+02
        72  1.440000000000E-13 -3.113397168302E-15 -3.669481226312E-15  5.560840580100E-16 -3.113397168302E-15  2.577915586864E+02
        73  1.460000000000E-13 -3.113391762971E-15 -3.669418757930E-15  5.560269949590E-16 -3.113391762971E-15  2.577651051806E+02
        74  1.480000000000E-13 -3.113384450549E-15 -3.669284155638E-15  5.558997050888E-16 -3.113384450549E-15  2.577060956593E+02
        75  1.500000000000E-13 -3.113379654011E-15 -3.669180532511E-15  5.558008785003E-16 -3.113379654011E-15  2.576602812543E+02
        76  1.520000000000E-13 -3.113377750195E-15 -3.669179233302E-15  5.558014831073E-16 -3.113377750195E-15  2.576605615403E+02
        77  1.540000000000E-13 -3.113379367447E-15 -3.669298726787E-15  5.559193593398E-16 -3.113379367447E-15  2.577152070516E+02
        78  1.560000000000E-13 -3.113382898326E-15 -3.669506284594E-15  5.561233862675E-16 -3.113382898326E-15  2.578097906293E+02
        79  1.580000000000E-13 -3.113384574307E-15 -3.669749130456E-15  5.563645561492E-16 -3.113384574307E-15  2.579215930787E+02
        80  1.600000000000E-13 -3.113382928687E-15 -3.669997776372E-15  5.566148476854E-16 -3.113382928687E-15  2.580376241792E+02
        81  1.620000000000E-13 -3.113378541738E-15 -3.670266560595E-15  5.568880188576E-16 -3.113378541738E-15  2.581642619082E+02
        82  1.640000000000E-13 -3.113376208123E-15 -3.670602630621E-15  5.572264224976E-16 -3.113376208123E-15  2.583211403524E+02
        83  1.660000000000E-13 -3.113376178265E-15 -3.671038741435E-15  5.576625631705E-16 -3.113376178265E-15  2.585233281012E+02
        84  1.680000000000E-13 -3.113380477756E-15 -3.671564318712E-15  5.581838409560E-16 -3.113380477756E-15  2.587649840360E+02
        85  1.700000000000E-13 -3.113387314215E-15 -3.672112615711E-15  5.587253014961E-16 -3.113387314215E-15  2.590159963687E+02
        86  1.720000000000E-13 -3.113393054347E-15 -3.672585735509E-15  5.591926811611E-16 -3.113393054347E-15  2.592326660081E+02
        87  1.740000000000E-13 -3.113396642855E-15 -3.672894244841E-15  5.594976019863E-16 -3.113396642855E-15  2.593740223619E+02
        88  1.760000000000E-13 -3.113396566041E-15 -3.672982196803E-15  5.595856307623E-16 -3.113396566041E-15  2.594148310760E+02
        89  1.780000000000E-13 -3.113393167852E-15 -3.672843567639E-15  5.594503997868E-16 -3.113393167852E-15  2.593521401870E+02
        90  1.800000000000E-13 -3.113387792209E-15 -3.672521979273E-15  5.591341870640E-16 -3.113387792209E-15  2.592055490926E+02
        91  1.820000000000E-13 -3.113381500356E-15 -3.672094920046E-15  5.587134196899E-16 -3.113381500356E-15  2.590104881559E+02
        92  1.840000000000E-13 -3.113377012220E-15 -3.671649123575E-15  5.582721113543E-16 -3.113377012220E-15  2.588059047623E+02
        93  1.860000000000E-13 -3.113374865561E-15 -3.671251469873E-15  5.578766043116E-16 -3.113374865561E-15  2.586225541060E+02
        94  1.880000000000E-13 -3.113372566662E-15 -3.670938942460E-15  5.575663757978E-16 -3.113372566662E-15  2.584787371939E+02
        95  1.900000000000E-13 -3.113371405740E-15 -3.670733128016E-15  5.573617222757E-16 -3.113371405740E-15  2.583838631372E+02
        96  1.920000000000E-13 -3.113370178917E-15 -3.670645092990E-15  5.572749140733E-16 -3.113370178917E-15  2.583436202611E+02
        97  1.940000000000E-13 -3.113369911397E-15 -3.670683221289E-15  5.573133098925E-16 -3.113369911397E-15  2.583614199407E+02
        98  1.960000000000E-13 -3.113371176979E-15 -3.670846108199E-15  5.574749312196E-16 -3.113371176979E-15  2.584363449691E+02
        99  1.980000000000E-13 -3.113373824455E-15 -3.671116215067E-15  5.577423906124E-16 -3.113373824455E-15  2.585603348098E+02
       100  2.000000000000E-13 -3.113376717949E-15 -3.671455162580E-15  5.580784446306E-16 -3.113376717949E-15  2.587161240073E+02
