## ./wat222.mdmntr -- monitor variables output from MD calculation by modylas
#
# datas below are formated as:
# step      time                Hamiltonian         potential-E         kinetic-E           total energy        temperature        
#                        [sec]            [J/cell]            [J/cell]            [J/cell]            [J/cell]                 [K] 
#
         1  2.000000000000E-15 -3.112810611882E-15 -3.549854798798E-15  4.370441869163E-16 -3.112810611882E-15  2.026066033311E+02
         2  4.000000000000E-15 -3.113028512670E-15 -3.564820618192E-15  4.517921055223E-16 -3.113028512670E-15  2.094434994263E+02
         3  6.000000000000E-15 -3.113318631963E-15 -3.585822301625E-15  4.725036696618E-16 -3.113318631963E-15  2.190450449579E+02
         4  8.000000000000E-15 -3.113595726040E-15 -3.608515397213E-15  4.949196711736E-16 -3.113595726040E-15  2.294367400371E+02
         5  1.000000000000E-14 -3.113787251187E-15 -3.628737544288E-15  5.149502931015E-16 -3.113787251187E-15  2.387226117931E+02
         6  1.200000000000E-14 -3.113852926739E-15 -3.643598664316E-15  5.297457375771E-16 -3.113852926739E-15  2.455815401114E+02
         7  1.400000000000E-14 -3.113796471061E-15 -3.652070910174E-15  5.382744391126E-16 -3.113796471061E-15  2.495353079469E+02
         8  1.600000000000E-14 -3.113659717610E-15 -3.654926746130E-15  5.412670285199E-16 -3.113659717610E-15  2.509226239052E+02
         9  1.800000000000E-14 -3.113498182911E-15 -3.654133185907E-15  5.406350029964E-16 -3.113498182911E-15  2.506296271136E+02
        10  2.000000000000E-14 -3.113365642107E-15 -3.652008569756E-15  5.386429276484E-16 -3.113365642107E-15  2.497061332613E+02
        11  2.200000000000E-14 -3.113293255678E-15 -3.650440759708E-15  5.371475040307E-16 -3.113293255678E-15  2.490128791035E+02
        12  2.400000000000E-14 -3.113289015705E-15 -3.650418365754E-15  5.371293500491E-16 -3.113289015705E-15  2.490044632117E+02
        13  2.600000000000E-14 -3.113335412956E-15 -3.651936947631E-15  5.386015346756E-16 -3.113335412956E-15  2.496869441498E+02
        14  2.800000000000E-14 -3.113401820983E-15 -3.654253047413E-15  5.408512264295E-16 -3.113401820983E-15  2.507298647936E+02
        15  3.000000000000E-14 -3.113455911992E-15 -3.656340414219E-15  5.428845022273E-16 -3.113455911992E-15  2.516724585069E+02
        16  3.200000000000E-14 -3.113475560505E-15 -3.657372160707E-15  5.438966002019E-16 -3.113475560505E-15  2.521416507282E+02
        17  3.400000000000E-14 -3.113456472474E-15 -3.657046169669E-15  5.435896971947E-16 -3.113456472474E-15  2.519993754671E+02
        18  3.600000000000E-14 -3.113412215724E-15 -3.655642449336E-15  5.422302336119E-16 -3.113412215724E-15  2.513691501784E+02
        19  3.800000000000E-14 -3.113363886449E-15 -3.653825437997E-15  5.404615515480E-16 -3.113363886449E-15  2.505492178327E+02
        20  4.000000000000E-14 -3.113331795959E-15 -3.652323839681E-15  5.389920437226E-16 -3.113331795959E-15  2.498679778163E+02
        21  4.200000000000E-14 -3.113324534726E-15 -3.651632333928E-15  5.383077992021E-16 -3.113324534726E-15  2.495507731439E+02
        22  4.400000000000E-14 -3.113342469317E-15 -3.651861526050E-15  5.385190567324E-16 -3.113342469317E-15  2.496487087117E+02
        23  4.600000000000E-14 -3.113374086353E-15 -3.652752552112E-15  5.393784657597E-16 -3.113374086353E-15  2.500471168112E+02
        24  4.800000000000E-14 -3.113404656726E-15 -3.653842312861E-15  5.404376561347E-16 -3.113404656726E-15  2.505381403063E+02
        25  5.000000000000E-14 -3.113421757573E-15 -3.654682386759E-15  5.412606291860E-16 -3.113421757573E-15  2.509196572777E+02
        26  5.200000000000E-14 -3.113420701921E-15 -3.655021660730E-15  5.416009588094E-16 -3.113420701921E-15  2.510774285765E+02
        27  5.400000000000E-14 -3.113404708165E-15 -3.654880123115E-15  5.414754149500E-16 -3.113404708165E-15  2.510192284775E+02
        28  5.600000000000E-14 -3.113384387798E-15 -3.654500006090E-15  5.411156182923E-16 -3.113384387798E-15  2.508524325771E+02
        29  5.800000000000E-14 -3.113368988293E-15 -3.654201398745E-15  5.408324104518E-16 -3.113368988293E-15  2.507211420112E+02
        30  6.000000000000E-14 -3.113364660593E-15 -3.654228150601E-15  5.408634900079E-16 -3.113364660593E-15  2.507355499898E+02
        31  6.200000000000E-14 -3.113373440295E-15 -3.654647472959E-15  5.412740326637E-16 -3.113373440295E-15  2.509258709128E+02
        32  6.400000000000E-14 -3.113389347156E-15 -3.655334974116E-15  5.419456269598E-16 -3.113389347156E-15  2.512372111461E+02
        33  6.600000000000E-14 -3.113405003679E-15 -3.656051484028E-15  5.426464803495E-16 -3.113405003679E-15  2.515621154212E+02
        34  6.800000000000E-14 -3.113413680037E-15 -3.656558484984E-15  5.431448049471E-16 -3.113413680037E-15  2.517931306300E+02
        35  7.000000000000E-14 -3.113410909391E-15 -3.656724506665E-15  5.433135972739E-16 -3.113410909391E-15  2.518713800176E+02
        36  7.200000000000E-14 -3.113398640676E-15 -3.656582057474E-15  5.431834167983E-16 -3.113398640676E-15  2.518110304585E+02
        37  7.400000000000E-14 -3.113381676997E-15 -3.656307136790E-15  5.429254597934E-16 -3.113381676997E-15  2.516914457709E+02
        38  7.600000000000E-14 -3.113367052824E-15 -3.656144060503E-15  5.427770076797E-16 -3.113367052824E-15  2.516226257765E+02
        39  7.800000000000E-14 -3.113359350031E-15 -3.656304720572E-15  5.429453705403E-16 -3.113359350031E-15  2.517006760705E+02
        40  8.000000000000E-14 -3.113361624012E-15 -3.656892646862E-15  5.435310228498E-16 -3.113361624012E-15  2.519721749915E+02
        41  8.200000000000E-14 -3.113371355081E-15 -3.657866734093E-15  5.444953790119E-16 -3.113371355081E-15  2.524192348821E+02
        42  8.400000000000E-14 -3.113385751035E-15 -3.659065033167E-15  5.456792821314E-16 -3.113385751035E-15  2.529680731847E+02
        43  8.600000000000E-14 -3.113399663417E-15 -3.660262171761E-15  5.468625083446E-16 -3.113399663417E-15  2.535165976846E+02
        44  8.800000000000E-14 -3.113407367656E-15 -3.661251100730E-15  5.478437330742E-16 -3.113407367656E-15  2.539714775698E+02
        45  9.000000000000E-14 -3.113405867804E-15 -3.661920414218E-15  5.485145464144E-16 -3.113405867804E-15  2.542824557646E+02
        46  9.200000000000E-14 -3.113395072958E-15 -3.662291200030E-15  5.488961270721E-16 -3.113395072958E-15  2.544593503745E+02
        47  9.400000000000E-14 -3.113384229738E-15 -3.662499777575E-15  5.491155478372E-16 -3.113384229738E-15  2.545610702858E+02
        48  9.600000000000E-14 -3.113377273132E-15 -3.662709253077E-15  5.493319799446E-16 -3.113377273132E-15  2.546614047038E+02
        49  9.800000000000E-14 -3.113376399140E-15 -3.663033465686E-15  5.496570665455E-16 -3.113376399140E-15  2.548121095844E+02
        50  1.000000000000E-13 -3.113381490374E-15 -3.663494362433E-15  5.501128720594E-16 -3.113381490374E-15  2.550234136349E+02
        51  1.020000000000E-13 -3.113389511864E-15 -3.664028570615E-15  5.506390587504E-16 -3.113389511864E-15  2.552673452587E+02
        52  1.040000000000E-13 -3.113396533708E-15 -3.664528186723E-15  5.511316530152E-16 -3.113396533708E-15  2.554957039780E+02
        53  1.060000000000E-13 -3.113401088029E-15 -3.664890259878E-15  5.514891718485E-16 -3.113401088029E-15  2.556614439160E+02
        54  1.080000000000E-13 -3.113401519509E-15 -3.665053350475E-15  5.516518309662E-16 -3.113401519509E-15  2.557368500473E+02
        55  1.100000000000E-13 -3.113397035856E-15 -3.665025055165E-15  5.516280193092E-16 -3.113397035856E-15  2.557258113489E+02
        56  1.120000000000E-13 -3.113388542478E-15 -3.664888993199E-15  5.515004507212E-16 -3.113388542478E-15  2.556666726186E+02
        57  1.140000000000E-13 -3.113379618611E-15 -3.664781404809E-15  5.514017861975E-16 -3.113379618611E-15  2.556209333442E+02
        58  1.160000000000E-13 -3.113376318743E-15 -3.664837658269E-15  5.514613395257E-16 -3.113376318743E-15  2.556485413021E+02
        59  1.180000000000E-13 -3.113377126101E-15 -3.665123494046E-15  5.517463679445E-16 -3.113377126101E-15  2.557806758586E+02
        60  1.200000000000E-13 -3.113384035260E-15 -3.665615464197E-15  5.522314289371E-16 -3.113384035260E-15  2.560055422750E+02
        61  1.220000000000E-13 -3.113391876370E-15 -3.666206909832E-15  5.528150334619E-16 -3.113391876370E-15  2.562760918761E+02
        62  1.240000000000E-13 -3.113397743437E-15 -3.666769266346E-15  5.533715229090E-16 -3.113397743437E-15  2.565340713666E+02
        63  1.260000000000E-13 -3.113399111162E-15 -3.667204906205E-15  5.538057950432E-16 -3.113399111162E-15  2.567353928913E+02
        64  1.280000000000E-13 -3.113397002086E-15 -3.667483527855E-15  5.540865257694E-16 -3.113397002086E-15  2.568655351070E+02
        65  1.300000000000E-13 -3.113390550493E-15 -3.667643050106E-15  5.542524996129E-16 -3.113390550493E-15  2.569424778915E+02
        66  1.320000000000E-13 -3.113383410101E-15 -3.667775880850E-15  5.543924707494E-16 -3.113383410101E-15  2.570073662423E+02
        67  1.340000000000E-13 -3.113380493712E-15 -3.667981049120E-15  5.546005554080E-16 -3.113380493712E-15  2.571038309183E+02
        68  1.360000000000E-13 -3.113381608551E-15 -3.668304758382E-15  5.549231498310E-16 -3.113381608551E-15  2.572533804656E+02
        69  1.380000000000E-13 -3.113388320165E-15 -3.668716212485E-15  5.553278923201E-16 -3.113388320165E-15  2.574410125253E+02
        70  1.400000000000E-13 -3.113396055923E-15 -3.669114355143E-15  5.557182992204E-16 -3.113396055923E-15  2.576219988382E+02
        71  1.420000000000E-13 -3.113399164574E-15 -3.669387807848E-15  5.559886432740E-16 -3.113399164574E-15  2.577473259609E+02
        72  1.440000000000E-13 -3.113397168728E-15 -3.669481226738E-15  5.560840580100E-16 -3.113397168728E-15  2.577915586864E+02
        73  1.460000000000E-13 -3.113391763396E-15 -3.669418758355E-15  5.560269949590E-16 -3.113391763396E-15  2.577651051806E+02
        74  1.480000000000E-13 -3.113384450974E-15 -3.669284156063E-15  5.558997050888E-16 -3.113384450974E-15  2.577060956593E+02
        75  1.500000000000E-13 -3.113379654435E-15 -3.669180532935E-15  5.558008785003E-16 -3.113379654435E-15  2.576602812543E+02
        76  1.520000000000E-13 -3.113377750621E-15 -3.669179233728E-15  5.558014831073E-16 -3.113377750621E-15  2.576605615403E+02
        77  1.540000000000E-13 -3.113379367875E-15 -3.669298727215E-15  5.559193593398E-16 -3.113379367875E-15  2.577152070516E+02
        78  1.560000000000E-13 -3.113382898752E-15 -3.669506285020E-15  5.561233862675E-16 -3.113382898752E-15  2.578097906293E+02
        79  1.580000000000E-13 -3.113384574732E-15 -3.669749130882E-15  5.563645561492E-16 -3.113384574732E-15  2.579215930787E+02
        80  1.600000000000E-13 -3.113382929112E-15 -3.669997776797E-15  5.566148476854E-16 -3.113382929112E-15  2.580376241792E+02
        81  1.620000000000E-13 -3.113378542163E-15 -3.670266561020E-15  5.568880188576E-16 -3.113378542163E-15  2.581642619082E+02
        82  1.640000000000E-13 -3.113376208549E-15 -3.670602631046E-15  5.572264224976E-16 -3.113376208549E-15  2.583211403524E+02
        83  1.660000000000E-13 -3.113376178691E-15 -3.671038741862E-15  5.576625631705E-16 -3.113376178691E-15  2.585233281012E+02
        84  1.680000000000E-13 -3.113380478182E-15 -3.671564319138E-15  5.581838409560E-16 -3.113380478182E-15  2.587649840360E+02
        85  1.700000000000E-13 -3.113387314641E-15 -3.672112616138E-15  5.587253014961E-16 -3.113387314641E-15  2.590159963687E+02
        86  1.720000000000E-13 -3.113393054774E-15 -3.672585735936E-15  5.591926811611E-16 -3.113393054774E-15  2.592326660081E+02
        87  1.740000000000E-13 -3.113396643280E-15 -3.672894245266E-15  5.594976019863E-16 -3.113396643280E-15  2.593740223619E+02
        88  1.760000000000E-13 -3.113396566466E-15 -3.672982197228E-15  5.595856307623E-16 -3.113396566466E-15  2.594148310760E+02
        89  1.780000000000E-13 -3.113393168278E-15 -3.672843568065E-15  5.594503997868E-16 -3.113393168278E-15  2.593521401870E+02
        90  1.800000000000E-13 -3.113387792635E-15 -3.672521979699E-15  5.591341870640E-16 -3.113387792635E-15  2.592055490926E+02
        91  1.820000000000E-13 -3.113381500781E-15 -3.672094920471E-15  5.587134196899E-16 -3.113381500781E-15  2.590104881559E+02
        92  1.840000000000E-13 -3.113377012646E-15 -3.671649124001E-15  5.582721113543E-16 -3.113377012646E-15  2.588059047623E+02
        93  1.860000000000E-13 -3.113374865986E-15 -3.671251470298E-15  5.578766043116E-16 -3.113374865986E-15  2.586225541060E+02
        94  1.880000000000E-13 -3.113372567088E-15 -3.670938942886E-15  5.575663757978E-16 -3.113372567088E-15  2.584787371939E+02
        95  1.900000000000E-13 -3.113371406167E-15 -3.670733128443E-15  5.573617222757E-16 -3.113371406167E-15  2.583838631372E+02
        96  1.920000000000E-13 -3.113370179343E-15 -3.670645093416E-15  5.572749140733E-16 -3.113370179343E-15  2.583436202611E+02
        97  1.940000000000E-13 -3.113369911825E-15 -3.670683221717E-15  5.573133098925E-16 -3.113369911825E-15  2.583614199407E+02
        98  1.960000000000E-13 -3.113371177405E-15 -3.670846108624E-15  5.574749312196E-16 -3.113371177405E-15  2.584363449691E+02
        99  1.980000000000E-13 -3.113373824881E-15 -3.671116215494E-15  5.577423906124E-16 -3.113373824881E-15  2.585603348098E+02
       100  2.000000000000E-13 -3.113376718375E-15 -3.671455163006E-15  5.580784446306E-16 -3.113376718375E-15  2.587161240073E+02
